    0     -25.2      47.3
    1     -47.9      17.9
    2     -31.7       1.8
    3      43.3      33.6
    4      12.7     -19.6
    5      33.6      69.8
    6     -39.6        22
    7     -48.4     -41.3
    8      61.3      66.7
    9     -31.5      -5.1
   10      62.2      46.6
   11       0.3     -57.5
   12     -68.6     -68.3
   13      15.5      49.4
   14     -42.2     -52.6
   15     -33.3      61.5
   16      33.4     -24.6
   17      44.8     -30.9
   18     -11.8      58.1
   19      35.1      40.3
   20     -66.2      23.8
   21      33.2        39
   22      70.8        12
   23      23.4      11.1
   24      52.6        57
   25       9.5     -19.7
   26      57.6     -58.9
   27      46.6     -57.8
   28     -28.4      32.6
   29      17.3      55.7
   30     -31.5      59.2
   31        63         6
   32      25.4     -60.5
   33     -46.8        -8
   34     -41.5      50.3
   35       5.2      43.5
   36      70.4       -60
   37      -8.2     -21.6
   38        19     -34.8
   39     -70.5     -31.7
   40     -23.9      33.5
   41      33.3        51
   42     -19.6     -70.5
   43        41     -24.3
   44      -8.4     -49.4
   45      21.3        -9
   46     -41.4       -60
   47      26.2     -11.6
   48      -6.1     -12.4
   49      -5.2      21.7
