    0      20.5      -9.8
    1      25.1     -45.7
    2     -30.7      23.5
    3     -20.6      -1.6
    4        51      41.1
    5     -29.2     -53.2
    6     -13.1     -28.2
    7      27.3      61.3
    8      12.8     -51.5
    9        -5      -2.9
   10     -37.6        26
   11     -22.2     -14.3
   12      -4.2      70.7
   13     -23.1      18.1
   14     -55.5       -32
   15      -6.2      49.4
   16      -7.8     -58.7
   17     -54.7      59.1
   18       -55      -9.6
   19     -54.8       5.8
   20     -47.5     -53.3
   21      15.1     -70.5
   22     -66.3       5.8
   23      64.8     -41.5
   24       1.4       -31
   25        57      46.2
   26        -9      36.7
   27      58.6      46.8
   28     -39.2     -36.8
   29     -46.6       -43
   30      54.1     -13.8
   31     -61.7     -63.8
   32      27.9      55.6
   33        14     -65.8
   34     -36.3      64.2
   35      20.2     -41.2
   36      49.5      20.6
   37     -11.4     -41.3
   38     -44.9      24.7
   39     -53.1     -70.3
   40       -49     -17.7
   41     -55.6     -70.8
   42      30.8      53.9
   43      -1.1        39
   44      41.1      69.4
   45      24.7     -39.7
   46      60.8      42.9
   47      10.9     -12.7
   48        56      15.6
   49     -58.9      58.8
