    0      66.6      52.4
    1       6.6        37
    2      33.2     -12.4
    3      36.1       8.6
    4       -36      12.6
    5      30.7     -28.4
    6      51.5     -57.3
    7         6       4.1
    8      42.8     -46.4
    9     -24.5     -66.3
   10      68.8        30
   11      61.3     -53.1
   12     -29.3     -56.7
   13      10.5      -1.3
   14     -47.8     -59.3
   15       -15     -54.8
   16      58.1     -15.3
   17      20.9       -23
   18      27.1      -2.6
   19      24.7       8.8
   20       5.5       -59
   21       -26      18.1
   22     -25.6      59.8
   23      61.1     -12.3
   24     -60.1     -24.8
   25      19.9      25.2
   26      18.3       -63
   27     -69.2      24.8
   28      49.3     -56.7
   29      41.4        11
   30       1.8        32
   31      49.6     -37.4
   32     -48.9        11
   33     -67.9     -26.4
   34      41.6       -56
   35      66.7     -26.9
   36      65.5     -59.6
   37      33.7         4
   38      64.9       0.6
   39     -49.9      -0.3
   40      26.2      26.5
   41        30      55.9
   42     -67.7      37.4
   43       -46      -2.7
   44     -53.3      -7.3
   45     -12.6     -54.4
   46       3.8       -29
   47      35.4     -22.8
   48       2.5     -36.2
   49      -5.8      10.3
