    0      16.2      17.7
    1        -3       7.2
    2       -65     -54.7
    3        36     -31.7
    4      51.8      27.2
    5      34.3      13.5
    6      35.2      -1.7
    7     -49.3       8.1
    8      -1.8      36.1
    9      45.2     -10.9
   10       6.7      52.6
   11      39.7     -68.7
   12     -54.9      43.7
   13     -65.9       -56
   14     -60.4      44.5
   15      15.3      48.9
   16        47      15.5
   17     -61.4      42.3
   18       -23        54
   19     -42.2      12.2
   20     -28.8     -23.6
   21      64.5      25.8
   22      55.4     -54.4
   23       -28     -15.8
   24      67.3      51.4
   25     -36.2       4.4
   26     -52.3     -49.3
   27       3.6      55.1
   28      -0.7      26.7
   29     -32.4      57.3
   30      33.8      59.8
   31     -42.4      29.1
   32     -49.5      -5.9
   33       5.8      64.8
   34     -41.6     -70.2
   35     -24.2      11.6
   36         1     -52.9
   37     -35.2      55.3
   38       5.6      16.6
   39      22.8     -52.6
   40     -51.9        35
   41      63.2     -69.5
   42     -66.1     -44.5
   43      57.2     -40.8
   44      -2.9      52.7
   45       -33     -10.4
   46     -39.9      12.9
   47     -63.3      63.6
   48      49.7        14
   49      52.6     -19.9
