    0     -29.6      35.1
    1       1.8      22.1
    2      55.1      37.5
    3       -35     -11.6
    4       7.9     -51.1
    5     -38.5      -7.5
    6      43.3      41.5
    7      49.3       6.1
    8      20.5      65.8
    9     -60.7     -38.6
   10      37.7     -29.7
   11     -20.5      10.1
   12     -42.1      -6.5
   13      43.3     -28.7
   14     -54.1      -7.4
   15       0.1      -2.9
   16      52.6     -70.9
   17     -20.2       9.7
   18     -68.9     -45.3
   19      -8.8     -60.5
   20     -11.7      29.7
   21     -51.8        22
   22     -56.1     -68.3
   23     -54.4        57
   24     -67.4      13.3
   25      -8.1      14.8
   26       -17      14.9
   27      38.2      39.9
   28      24.3       -15
   29     -66.5     -36.9
   30     -53.2      45.9
   31       3.6      66.9
   32      21.8     -68.4
   33      39.9     -51.8
   34        71       7.9
   35     -49.7      63.3
   36     -37.7      14.8
   37      -0.7     -41.3
   38     -35.7     -62.4
   39      57.5      44.6
   40     -12.9     -40.3
   41      46.6      64.2
   42     -66.9      67.4
   43       5.6     -21.7
   44      42.9     -48.3
   45     -22.8     -32.4
   46      52.9        63
   47       -14      20.4
   48      26.1      59.9
   49      23.4      66.2
